Input Path: /user/s117449/output/fpg-accidents/frequentpatterns/part-r-00000
Key class: class org.apache.hadoop.io.Text Value Class: class org.apache.mahout.fpm.pfpgrowth.convertors.string.TopKStringPatterns
Key: 1: Value: ([1],234704), ([17, 1],234687), ([17, 12, 1],234444)
Key: 10: Value: ([10],197548), ([17, 10],197526), ([17, 12, 10],197169)
Key: 100: Value: ([80, 100],25823), ([17, 80, 100],25821), ([17, 12, 80, 100],25800)
Key: 101: Value: ([101],18087), ([17, 101],18085), ([17, 12, 101],17831)
Key: 102: Value: ([102],73293), ([17, 102],73288), ([17, 12, 102],73200)
Key: 103: Value: ([17, 103],11120), ([17, 12, 103],11103), ([17, 12, 18, 103],11088)
Key: 104: Value: ([17, 104],7332), ([17, 12, 104],7319), ([17, 12, 18, 104],7311)
Key: 105: Value: ([17, 105],16019), ([17, 12, 105],16002), ([17, 12, 18, 105],15954)
Key: 106: Value: ([106],16438), ([17, 106],16436), ([17, 12, 106],16420)
Key: 107: Value: ([107],36909), ([17, 107],36906), ([17, 12, 107],36862)
Key: 108: Value: ([108],71320), ([17, 108],71316), ([17, 12, 108],71221)
Key: 109: Value: ([109],13606), ([17, 109],13605), ([17, 12, 109],13599)
Key: 11: Value: ([17, 11],13876), ([17, 12, 11],13834), ([17, 12, 18, 11],13790)
Key: 110: Value: ([17, 110],4885), ([17, 12, 110],4879), ([17, 12, 18, 110],4871)
Key: 111: Value: ([111],13210), ([17, 111],13209), ([17, 18, 111],13201)
Key: 112: Value: ([17, 112],7155), ([17, 12, 112],7139), ([17, 12, 18, 112],7119)
Key: 113: Value: ([113],6191), ([17, 113],6190), ([17, 12, 113],6183)
Key: 114: Value: ([17, 114],6934), ([17, 12, 114],6919), ([17, 12, 18, 114],6909)
Key: 115: Value: ([17, 115],8266), ([17, 12, 115],8236), ([17, 12, 18, 115],8218)
Key: 116: Value: ([17, 116],6285), ([17, 12, 116],6276), ([17, 12, 18, 116],6262)
Key: 117: Value: ([117],19173), ([17, 117],19172), ([17, 12, 117],19146)
Key: 118: Value: ([17, 118],1187), ([17, 12, 118],1184), ([17, 12, 18, 118],1181)
Key: 119: Value: ([17, 119],1787), ([17, 12, 119],1784), ([17, 12, 18, 119],1773)
Key: 12: Value: ([12],339601), ([17, 12],339569), ([17, 12, 18],338889)
Key: 120: Value: ([17, 120],1949), ([17, 12, 120],1946), ([17, 12, 18, 120],1942)
Key: 121: Value: ([121],21835), ([17, 121],21832), ([17, 18, 121],21769)
Key: 122: Value: ([122],21067), ([17, 122],21063), ([17, 12, 122],20998)
Key: 123: Value: ([123],10486), ([17, 123],10485), ([17, 12, 123],10467)
Key: 124: Value: ([124],16966), ([17, 124],16964), ([17, 12, 124],16946)
Key: 125: Value: ([125],61299), ([17, 125],61295), ([17, 12, 125],61279)
Key: 126: Value: ([126],55299), ([17, 126],55285), ([17, 12, 126],55212)
Key: 127: Value: ([17, 127],8671), ([17, 12, 127],8654), ([17, 12, 18, 127],8641)
Key: 128: Value: ([128],10717), ([17, 128],10716), ([17, 12, 128],10697)
Key: 129: Value: ([129],10437), ([17, 129],10436), ([17, 12, 129],10403)
Key: 13: Value: ([13],61660), ([17, 13],61652), ([17, 12, 13],61481)
Key: 130: Value: ([17, 130],1335), ([17, 18, 130],1328), ([17, 12, 18, 130],1323)
Key: 131: Value: ([17, 80, 131],1499), ([17, 18, 80, 131],1498), ([17, 12, 18, 80, 131],1495)
Key: 132: Value: ([17, 132],2620), ([17, 12, 132],2618), ([17, 12, 18, 132],2614)
Key: 133: Value: ([17, 133],2568), ([17, 12, 133],2565), ([17, 12, 18, 133],2562)
Key: 134: Value: ([17, 134],7178), ([17, 18, 134],7155), ([17, 12, 18, 134],7147)
Key: 135: Value: ([135],49702), ([17, 135],49701), ([17, 18, 135],49673)
Key: 136: Value: ([136],53817), ([17, 136],53808), ([17, 12, 136],53733)
Key: 137: Value: ([17, 137],48015), ([17, 12, 137],47961), ([17, 12, 18, 137],47901)
Key: 138: Value: ([17, 138],7707), ([17, 12, 138],7702), ([17, 12, 18, 138],7694)
Key: 139: Value: ([139],4944), ([17, 139],4941), ([17, 12, 139],4924)
Key: 14: Value: ([14],215464), ([17, 14],215456), ([17, 12, 14],215296)
Key: 140: Value: ([140],47335), ([17, 140],47332), ([17, 12, 140],47313)
Key: 141: Value: ([141],13569), ([17, 141],13568), ([17, 12, 141],13540)
Key: 142: Value: ([17, 142],10495), ([17, 12, 142],10479), ([17, 12, 18, 142],10462)
Key: 143: Value: ([17, 143],4163), ([17, 12, 143],4157), ([17, 12, 18, 143],4149)
Key: 144: Value: ([80, 144],38763), ([17, 80, 144],38761), ([17, 12, 80, 144],38718)
Key: 145: Value: ([145],9394), ([17, 145],9392), ([17, 12, 145],9370)
Key: 146: Value: ([146],9619), ([17, 146],9617), ([17, 12, 146],9588)
Key: 147: Value: ([17, 147],4301), ([17, 12, 147],4288), ([17, 12, 18, 147],4269)
Key: 148: Value: ([17, 148],319), ([17, 12, 18, 80, 148],316), ([17, 12, 18, 16, 80, 148],309)
Key: 149: Value: ([149],2653), ([17, 149],2652), ([17, 12, 149],2648)
Key: 15: Value: ([15],272918), ([17, 15],272887), ([17, 12, 15],272368)
Key: 150: Value: ([17, 12, 150],146), ([17, 12, 18, 150],145), ([17, 12, 18, 16, 150],144)
Key: 151: Value: ([17, 151],1072), ([17, 12, 151],1071), ([17, 12, 18, 151],1068)
Key: 152: Value: ([17, 152],1172), ([17, 12, 152],1171), ([17, 12, 18, 152],1160)
Key: 153: Value: ([17, 153],401), ([17, 18, 153],399), ([17, 12, 18, 153],397)
Key: 154: Value: ([17, 154],5087), ([17, 12, 154],5082), ([17, 12, 18, 154],5076)
Key: 155: Value: ([155],5112), ([17, 155],5111), ([17, 12, 155],5099)
Key: 156: Value: ([17, 156],3224), ([17, 12, 156],3223), ([17, 12, 18, 156],3219)
Key: 157: Value: ([17, 157],3278), ([17, 12, 157],3270), ([17, 12, 18, 157],3264)
Key: 158: Value: ([17, 158],376), ([17, 12, 158],375), ([17, 12, 18, 158],374)
Key: 159: Value: ([159],20085), ([17, 159],20078), ([17, 12, 159],20050)
Key: 16: Value: ([16],332414), ([17, 16],332382), ([17, 12, 16],332133)
Key: 160: Value: ([160],2436), ([17, 160],2435), ([17, 12, 160],2428)
Key: 161: Value: ([161],19740), ([17, 161],19734), ([17, 12, 161],19699)
Key: 162: Value: ([162],7000), ([17, 162],6997), ([17, 18, 162],6968)
Key: 163: Value: ([163],4722), ([17, 163],4720), ([17, 12, 163],4712)
Key: 164: Value: ([17, 164],4568), ([17, 18, 164],4564), ([17, 12, 18, 164],4554)
Key: 165: Value: ([17, 165],1885), ([17, 12, 165],1881), ([17, 12, 18, 165],1873)
Key: 166: Value: ([166],4354), ([17, 166],4351), ([17, 12, 166],4347)
Key: 167: Value: ([17, 167],4441), ([17, 12, 167],4432), ([17, 12, 18, 167],4424)
Key: 168: Value: ([168],9085), ([17, 168],9084), ([17, 12, 168],9076)
Key: 169: Value: ([17, 18, 169],83), ([17, 18, 43, 169],79), ([17, 18, 21, 43, 169],74)
Key: 17: Value: ([17],340151), ([17, 12],339569), ([17, 18],339063)
Key: 170: Value: ([17, 18, 170],32), ([17, 18, 16, 170],30), ([17, 18, 16, 21, 170],27)
Key: 171: Value: ([17, 18, 171],145), ([17, 18, 16, 171],139), ([17, 18, 16, 21, 171],127)
Key: 172: Value: ([17, 172],268), ([17, 25, 172],247), ([17, 43, 25, 172],211)
Key: 173: Value: ([17, 173],1561), ([17, 18, 173],1556), ([17, 12, 18, 173],1548)
Key: 174: Value: ([17, 174],1463), ([17, 12, 174],1460), ([17, 12, 18, 174],1455)
Key: 175: Value: ([17, 12, 18, 175],125), ([17, 12, 18, 16, 175],123), ([17, 12, 18, 16, 31, 175],118)
Key: 176: Value: ([176],21734), ([17, 176],21733), ([17, 12, 176],21686)
Key: 177: Value: ([17, 177],3157), ([17, 12, 177],3150), ([17, 12, 18, 177],3147)
Key: 178: Value: ([178],3947), ([17, 178],3945), ([17, 12, 178],3942)
Key: 179: Value: ([179],5278), ([17, 179],5276), ([17, 12, 179],5271)
Key: 18: Value: ([18],339095), ([17, 18],339063), ([17, 12, 18],338889)
Key: 180: Value: ([180],3846), ([17, 180],3845), ([17, 12, 180],3843)
Key: 181: Value: ([17, 181],1531), ([17, 12, 181],1530), ([17, 12, 18, 181],1523)
Key: 182: Value: ([17, 21, 182],33), ([17, 31, 21, 182],31), ([17, 31, 21, 29, 182],29)
Key: 183: Value: ([17, 15, 25, 183],408), ([17, 29, 15, 25, 183],355), ([17, 21, 29, 15, 25, 183],306)
Key: 184: Value: ([17, 184],507), ([17, 18, 184],506), ([17, 12, 18, 184],505)
Key: 185: Value: ([17, 185],9091), ([17, 12, 185],9072), ([17, 12, 18, 185],9034)
Key: 186: Value: ([17, 186],6130), ([17, 12, 186],6122), ([17, 12, 18, 186],6119)
Key: 187: Value: ([17, 187],482), ([17, 12, 187],481), ([17, 12, 18, 187],480)
Key: 188: Value: ([17, 188],272), ([17, 25, 188],269), ([17, 15, 25, 188],258)
Key: 189: Value: ([17, 189],2424), ([17, 12, 189],2420), ([17, 12, 18, 189],2417)
Key: 19: Value: ([1, 19],60958), ([17, 1, 19],60953), ([17, 12, 1, 19],60917)
Key: 190: Value: ([17, 190],1143), ([17, 12, 190],1141), ([17, 12, 18, 190],1139)
Key: 191: Value: ([17, 191],960), ([17, 18, 191],959), ([17, 12, 18, 191],957)
Key: 192: Value: ([17, 18, 192],962), ([17, 12, 18, 192],960), ([17, 12, 18, 16, 192],937)
Key: 193: Value: ([193],9283), ([17, 193],9281), ([17, 12, 193],9267)
Key: 194: Value: ([17, 194],1205), ([17, 12, 194],1203), ([17, 12, 18, 194],1201)
Key: 195: Value: ([17, 195],2213), ([17, 18, 195],2206), ([17, 12, 18, 195],2199)
Key: 196: Value: ([17, 196],1137), ([17, 12, 196],1136), ([17, 12, 18, 196],1134)
Key: 197: Value: ([17, 197],1350), ([17, 12, 197],1348), ([17, 12, 18, 197],1346)
Key: 198: Value: ([17, 12, 198],668), ([17, 12, 16, 198],664), ([17, 12, 16, 28, 198],628)
Key: 199: Value: ([199],3630), ([17, 199],3629), ([17, 12, 199],3625)
Key: 2: Value: ([2],59300), ([17, 2],59289), ([17, 12, 2],59090)
Key: 20: Value: ([20],36908), ([17, 20],36900), ([17, 12, 20],36803)
Key: 200: Value: ([17, 200],1947), ([17, 12, 200],1945), ([17, 12, 18, 200],1931)
Key: 201: Value: ([17, 44, 201],2154), ([17, 12, 44, 201],2151), ([17, 12, 18, 44, 201],2149)
Key: 202: Value: ([17, 12, 18, 16, 202],27), ([17, 12, 18, 16, 31, 202],26), ([17, 12, 18, 16, 31, 29, 202],24)
Key: 203: Value: ([17, 203],1026), ([17, 12, 203],1025), ([17, 12, 18, 203],1024)
Key: 204: Value: ([17, 204],4351), ([17, 12, 204],4347), ([17, 12, 18, 204],4345)
Key: 205: Value: ([17, 12, 18, 205],472), ([17, 12, 18, 16, 205],468), ([17, 12, 18, 16, 13, 205],444)
Key: 206: Value: ([17, 206],720), ([17, 12, 206],718), ([17, 12, 18, 206],714)
Key: 207: Value: ([17, 207],1122), ([17, 12, 207],1117), ([17, 12, 18, 207],1112)
Key: 208: Value: ([17, 18, 208],475), ([17, 12, 18, 208],472), ([17, 12, 18, 16, 208],464)
Key: 209: Value: ([17, 209],436), ([17, 12, 209],434), ([17, 12, 25, 209],430)
Key: 21: Value: ([21],302446), ([17, 21],302415), ([17, 12, 21],301908)
Key: 210: Value: ([210],7835), ([17, 210],7831), ([17, 12, 210],7823)
Key: 211: Value: ([12, 211],962), ([17, 12, 211],961), ([17, 12, 18, 211],954)
Key: 212: Value: ([17, 212],530), ([17, 161, 212],529), ([17, 12, 161, 212],527)
Key: 213: Value: ([17, 213],1276), ([17, 12, 213],1274), ([17, 12, 18, 213],1271)
Key: 214: Value: ([17, 214],926), ([17, 12, 18, 214],925), ([17, 12, 18, 16, 214],920)
Key: 215: Value: ([17, 215],1228), ([17, 12, 215],1226), ([17, 12, 18, 215],1221)
Key: 216: Value: ([216],2089), ([17, 216],2088), ([17, 12, 216],2087)
Key: 217: Value: ([17, 12, 217],554), ([17, 12, 18, 217],551), ([17, 12, 18, 25, 217],545)
Key: 218: Value: ([17, 18, 218],112), ([17, 18, 21, 218],104), ([17, 18, 16, 21, 218],95)
Key: 219: Value: ([17, 18, 219],39), ([17, 18, 21, 219],38), ([17, 18, 21, 29, 219],36)
Key: 22: Value: ([22],230180), ([17, 22],230160), ([17, 12, 22],230057)
Key: 220: Value: ([17, 220],28), ([17, 29, 220],27), ([17, 21, 29, 220],25)
Key: 221: Value: ([17, 18, 221],542), ([17, 12, 18, 221],541), ([17, 12, 18, 31, 221],529)
Key: 222: Value: ([17, 18, 29, 222],24), ([17, 12, 18, 29, 222],23), ([17, 12, 18, 31, 29, 222],22)
Key: 223: Value: ([17, 223],2897), ([17, 12, 223],2894), ([17, 12, 18, 223],2881)
Key: 224: Value: ([17, 12, 18, 224],389), ([17, 12, 18, 16, 224],383), ([17, 12, 18, 16, 31, 224],373)
Key: 225: Value: ([17, 225],380), ([17, 12, 225],379), ([17, 12, 18, 225],378)
Key: 226: Value: ([17, 12, 18, 31, 29, 226],12), ([17, 12, 18, 16, 31, 29, 226],11), ([17, 12, 18, 16, 31, 29, 41, 226],10)
Key: 227: Value: ([17, 227],1709), ([17, 12, 227],1707), ([17, 12, 18, 227],1702)
Key: 228: Value: ([17, 228],3094), ([17, 12, 228],3089), ([17, 12, 18, 228],3085)
Key: 229: Value: ([17, 229],1101), ([17, 12, 229],1098), ([17, 12, 18, 229],1094)
Key: 23: Value: ([23],173309), ([17, 23],173295), ([17, 12, 23],173158)
Key: 230: Value: ([17, 230],5055), ([17, 18, 230],5039), ([17, 12, 18, 230],5032)
Key: 231: Value: ([17, 231],481), ([17, 21, 231],452), ([17, 21, 29, 231],420)
Key: 232: Value: ([17, 12, 18, 16, 31, 21, 29, 27, 24, 15, 41, 59, 1, 14, 60, 20, 232],3)
Key: 233: Value: ([17, 18, 43, 233],26), ([17, 18, 16, 43, 233],23), ([17, 18, 16, 31, 43, 233],20)
Key: 234: Value: ([17, 18, 234],31), ([17, 18, 21, 234],30), ([17, 18, 21, 29, 234],29)
Key: 235: Value: ([235],813), ([17, 235],812), ([17, 12, 235],810)
Key: 236: Value: ([17, 12, 80, 236],216), ([17, 12, 18, 80, 236],214), ([17, 12, 18, 31, 80, 236],210)
Key: 237: Value: ([17, 237],555), ([17, 12, 237],552), ([17, 12, 18, 237],549)
Key: 238: Value: ([17, 12, 18, 238],202), ([17, 12, 18, 29, 238],196), ([17, 12, 18, 31, 29, 238],189)
Key: 239: Value: ([17, 12, 239],497), ([17, 12, 18, 239],496), ([17, 12, 18, 108, 239],490)
Key: 24: Value: ([24],274213), ([17, 24],274190), ([17, 12, 24],273736)
Key: 240: Value: ([17, 12, 18, 16, 31, 240],32), ([17, 12, 18, 16, 31, 29, 240],28), ([17, 12, 18, 16, 31, 29, 27, 240],25)
Key: 241: Value: ([17, 18, 241],268), ([17, 12, 18, 241],267), ([17, 12, 18, 31, 241],255)
Key: 242: Value: ([17, 18, 242],497), ([17, 12, 18, 242],494), ([17, 12, 18, 21, 242],476)
Key: 243: Value: ([17, 243],205), ([17, 12, 243],204), ([17, 12, 18, 243],201)
Key: 244: Value: ([17, 12, 18, 244],183), ([17, 12, 18, 29, 244],182), ([17, 12, 18, 31, 29, 244],180)
Key: 245: Value: ([17, 245],1396), ([17, 12, 245],1394), ([17, 12, 18, 245],1391)
Key: 246: Value: ([17, 12, 18, 246],55), ([17, 12, 18, 31, 246],53), ([17, 12, 18, 31, 29, 246],51)
Key: 247: Value: ([247],769), ([17, 247],768), ([17, 18, 247],767)
Key: 248: Value: ([17, 248],1277), ([17, 12, 248],1274), ([17, 12, 25, 248],1265)
Key: 249: Value: ([17, 249],9019), ([17, 12, 249],9017), ([17, 12, 18, 249],8996)
Key: 25: Value: ([25],258434), ([17, 25],258408), ([17, 12, 25],257856)
Key: 250: Value: ([17, 12, 18, 16, 31, 29, 41, 250],10), ([17, 12, 18, 16, 31, 21, 29, 41, 250],9), ([17, 12, 18, 16, 31, 21, 29, 15, 41, 250],8)
Key: 252: Value: ([17, 18, 252],235), ([17, 12, 18, 252],234), ([17, 12, 18, 16, 252],230)
Key: 253: Value: ([17, 253],610), ([17, 12, 253],609), ([17, 12, 18, 253],604)
Key: 254: Value: ([17, 254],916), ([17, 12, 254],914), ([17, 12, 18, 254],910)
Key: 255: Value: ([17, 255],393), ([17, 12, 255],392), ([17, 12, 18, 255],390)
Key: 256: Value: ([17, 12, 256],183), ([17, 12, 18, 256],182), ([17, 12, 18, 29, 256],177)
Key: 257: Value: ([17, 12, 18, 16, 31, 257],40), ([17, 12, 18, 16, 31, 29, 257],37), ([17, 12, 18, 16, 31, 29, 41, 257],33)
Key: 258: Value: ([17, 12, 18, 31, 41, 72, 73, 258],18), ([17, 12, 18, 31, 21, 41, 72, 73, 258],17), ([17, 12, 18, 31, 21, 41, 72, 71, 73, 258],16)
Key: 259: Value: ([17, 12, 18, 259],100), ([17, 12, 18, 31, 259],98), ([17, 12, 18, 31, 29, 259],96)
Key: 26: Value: ([26],161483), ([17, 26],161466), ([17, 12, 26],161216)
Key: 260: Value: ([17, 21, 29, 27, 28, 10, 260],8), ([17, 12, 18, 21, 29, 27, 28, 10, 23, 26, 260],7), ([17, 12, 18, 21, 29, 27, 28, 10, 23, 26, 72, 260],6)
Key: 261: Value: ([17, 12, 261],122), ([17, 12, 18, 261],121), ([17, 12, 18, 16, 261],118)
Key: 262: Value: ([17, 12, 18, 262],91), ([17, 12, 18, 16, 262],89), ([17, 12, 18, 16, 31, 262],86)
Key: 263: Value: ([17, 12, 18, 16, 29, 263],61), ([17, 12, 18, 16, 31, 29, 263],60), ([17, 12, 18, 16, 31, 29, 41, 263],55)
Key: 264: Value: ([17, 264],244), ([17, 18, 264],243), ([17, 12, 18, 264],237)
Key: 265: Value: ([12, 265],642), ([17, 12, 265],641), ([17, 12, 18, 265],638)
Key: 266: Value: ([17, 12, 18, 266],152), ([17, 12, 18, 16, 266],150), ([17, 12, 18, 16, 43, 266],146)
Key: 267: Value: ([17, 267],70), ([17, 18, 267],69), ([17, 18, 28, 267],68)
Key: 268: Value: ([17, 268],999), ([17, 12, 268],997), ([17, 12, 18, 268],994)
Key: 269: Value: ([17, 12, 18, 16, 31, 29, 24, 15, 28, 41, 59, 8, 1, 22, 14, 38, 30, 26, 269],3)
Key: 27: Value: ([27],284036), ([17, 27],284008), ([17, 12, 27],283552)
Key: 270: Value: ([17, 12, 18, 270],195), ([17, 12, 18, 16, 270],192), ([17, 12, 18, 16, 43, 270],187)
Key: 272: Value: ([17, 272],300), ([17, 12, 272],299), ([17, 12, 25, 272],295)
Key: 273: Value: ([17, 12, 273],167), ([17, 12, 18, 273],165), ([17, 12, 18, 29, 273],160)
Key: 274: Value: ([17, 12, 18, 16, 31, 29, 15, 20, 274],5), ([17, 12, 18, 16, 31, 21, 29, 27, 15, 20, 274],4), ([17, 12, 18, 16, 31, 21, 29, 27, 15, 25, 20, 274],3)
Key: 275: Value: ([17, 12, 275],119), ([17, 12, 18, 275],118), ([17, 12, 18, 25, 275],117)
Key: 277: Value: ([17, 277],402), ([17, 18, 277],400), ([17, 12, 18, 277],399)
Key: 278: Value: ([17, 12, 278],228), ([17, 12, 18, 278],226), ([17, 12, 18, 16, 278],216)
Key: 279: Value: ([17, 12, 18, 29, 279],28), ([17, 12, 18, 16, 29, 279],26), ([17, 12, 18, 16, 31, 29, 279],24)
Key: 28: Value: ([28],270565), ([17, 28],270537), ([17, 12, 28],270136)
Key: 280: Value: ([17, 12, 18, 16, 31, 21, 29, 27, 28, 41, 30, 23, 39, 61, 9, 280],6), ([17, 12, 18, 16, 31, 21, 29, 27, 28, 41, 22, 30, 23, 39, 61, 9, 280],5), ([17, 12, 18, 16, 31, 21, 29, 27, 28, 41, 22, 10, 30, 23, 39, 61, 9, 280],4)
Key: 281: Value: ([17, 281],1986), ([17, 12, 281],1982), ([17, 12, 18, 281],1979)
Key: 282: Value: ([17, 18, 31, 282],34), ([17, 18, 16, 31, 282],33), ([17, 18, 16, 31, 29, 282],32)
Key: 283: Value: ([17, 12, 18, 31, 283],46), ([17, 12, 18, 31, 108, 283],44), ([17, 12, 18, 31, 21, 108, 283],41)
Key: 284: Value: ([17, 12, 18, 284],148), ([17, 12, 18, 31, 284],146), ([17, 12, 18, 16, 31, 284],140)
Key: 285: Value: ([17, 12, 18, 285],44), ([17, 12, 18, 29, 285],43), ([17, 12, 18, 31, 29, 285],41)
Key: 286: Value: ([17, 18, 286],117), ([17, 12, 18, 286],116), ([17, 12, 18, 73, 286],115)
Key: 287: Value: ([17, 12, 287],602), ([17, 12, 18, 287],597), ([17, 12, 18, 159, 287],592)
Key: 288: Value: ([17, 18, 21, 288],45), ([17, 12, 18, 21, 288],44), ([17, 12, 18, 21, 73, 288],43)
Key: 289: Value: ([17, 12, 18, 16, 31, 29, 43, 15, 28, 41, 25, 59, 22, 63, 14, 38, 30, 46, 64, 289],3)
Key: 29: Value: ([29],299191), ([17, 29],299159), ([17, 12, 29],298648)
Key: 290: Value: ([17, 12, 18, 16, 290],43), ([17, 12, 18, 16, 43, 290],41), ([17, 12, 18, 16, 31, 43, 290],38)
Key: 291: Value: ([17, 18, 291],35), ([17, 18, 16, 291],34), ([17, 18, 16, 21, 291],32)
Key: 292: Value: ([17, 12, 18, 29, 292],48), ([17, 12, 18, 16, 29, 292],47), ([17, 12, 18, 16, 31, 29, 292],46)
Key: 293: Value: ([12, 18, 16, 29, 293],32), ([12, 18, 16, 21, 29, 293],31), ([12, 18, 16, 21, 29, 15, 293],30)
Key: 294: Value: ([17, 12, 18, 31, 29, 294],49), ([17, 12, 18, 16, 31, 29, 294],48), ([17, 12, 18, 16, 31, 29, 41, 294],43)
Key: 295: Value: ([17, 18, 295],168), ([17, 12, 18, 295],166), ([17, 12, 18, 31, 295],164)
Key: 296: Value: ([17, 12, 18, 31, 29, 296],21), ([17, 12, 18, 16, 31, 29, 296],20), ([17, 12, 18, 16, 31, 21, 29, 296],19)
Key: 297: Value: ([17, 12, 18, 16, 21, 27, 15, 28, 10, 30, 60, 20, 297],3)
Key: 298: Value: ([17, 12, 18, 29, 28, 298],23), ([17, 12, 18, 16, 31, 29, 28, 298],22), ([17, 12, 18, 16, 31, 21, 29, 28, 298],21)
Key: 3: Value: ([3],6548), ([17, 3],6546), ([17, 12, 3],6538)
Key: 30: Value: ([30],183641), ([17, 30],183627), ([17, 12, 30],183335)
Key: 300: Value: ([17, 300],60), ([17, 12, 18, 300],59), ([17, 12, 18, 31, 300],57)
Key: 301: Value: ([17, 12, 18, 25, 159, 301],39), ([17, 12, 18, 16, 25, 159, 301],38), ([17, 12, 18, 16, 28, 25, 159, 301],37)
Key: 302: Value: ([17, 12, 18, 29, 302],111), ([17, 12, 18, 31, 29, 302],107), ([17, 12, 18, 31, 21, 29, 302],103)
Key: 303: Value: ([17, 12, 18, 31, 21, 108, 303],13), ([17, 12, 18, 16, 31, 21, 108, 303],12), ([17, 12, 18, 16, 31, 21, 29, 108, 303],11)
Key: 304: Value: ([17, 12, 18, 31, 21, 108, 71, 304],9), ([17, 12, 18, 31, 21, 29, 108, 71, 304],8), ([17, 12, 18, 31, 21, 29, 41, 108, 71, 304],7)
Key: 305: Value: ([17, 305],82), ([17, 29, 305],79), ([17, 29, 28, 305],76)
Key: 306: Value: ([18, 306],137), ([17, 18, 306],136), ([17, 12, 18, 306],135)
Key: 307: Value: ([307],34180), ([17, 307],34179), ([17, 12, 307],34128)
Key: 308: Value: ([17, 12, 18, 31, 29, 308],46), ([17, 12, 18, 31, 21, 29, 308],45), ([17, 12, 18, 31, 21, 29, 39, 308],44)
Key: 309: Value: ([17, 18, 309],64), ([17, 12, 18, 309],63), ([17, 12, 18, 31, 309],62)
Key: 31: Value: ([31],318014), ([17, 31],317988), ([17, 12, 31],317510)
Key: 311: Value: ([17, 12, 29, 311],84), ([17, 12, 18, 29, 311],83), ([17, 12, 18, 31, 29, 311],82)
Key: 314: Value: ([17, 12, 18, 108, 314],26), ([17, 12, 18, 31, 108, 314],24), ([17, 12, 18, 31, 21, 108, 314],22)
Key: 315: Value: ([17, 18, 315],64), ([17, 18, 21, 315],61), ([17, 18, 21, 29, 315],59)
Key: 316: Value: ([17, 12, 18, 16, 31, 21, 29, 27, 41, 316],6), ([17, 12, 18, 16, 31, 21, 29, 27, 24, 41, 316],5), ([17, 12, 18, 16, 31, 21, 29, 27, 24, 15, 41, 316],4)
Key: 318: Value: ([17, 12, 18, 16, 31, 29, 24, 318],14), ([17, 12, 18, 16, 31, 29, 24, 8, 318],13), ([17, 12, 18, 16, 31, 29, 27, 24, 8, 318],11)
Key: 319: Value: ([17, 12, 18, 16, 31, 43, 27, 15, 28, 41, 25, 14, 319],9), ([17, 12, 18, 16, 31, 43, 27, 15, 28, 41, 25, 14, 46, 64, 319],8), ([17, 12, 18, 16, 31, 43, 27, 15, 28, 41, 25, 1, 14, 46, 64, 319],6)
Key: 32: Value: ([32],6304), ([17, 32],6303), ([17, 12, 32],6294)
Key: 320: Value: ([17, 12, 18, 16, 29, 27, 24, 59, 8, 1, 10, 20, 320],3)
Key: 322: Value: ([17, 12, 18, 16, 31, 21, 29, 27, 15, 28, 41, 1, 10, 30, 23, 39, 61, 49, 9, 307, 11, 322],3)
Key: 323: Value: ([17, 12, 18, 29, 323],33), ([17, 12, 18, 16, 29, 323],31), ([17, 12, 18, 16, 29, 25, 323],28)
Key: 328: Value: ([17, 12, 18, 16, 31, 29, 41, 328],8), ([17, 12, 18, 16, 31, 29, 27, 41, 328],7), ([17, 12, 18, 16, 31, 29, 27, 15, 41, 328],6)
Key: 329: Value: ([17, 12, 18, 31, 329],37), ([17, 12, 18, 16, 31, 329],35), ([17, 12, 18, 16, 31, 29, 329],33)
Key: 33: Value: ([33],80042), ([17, 33],80029), ([17, 12, 33],79956)
Key: 330: Value: ([17, 12, 18, 31, 29, 330],18), ([17, 12, 18, 31, 21, 29, 330],17), ([17, 12, 18, 31, 21, 29, 10, 330],16)
Key: 331: Value: ([17, 12, 18, 31, 29, 331],15), ([17, 12, 18, 31, 29, 41, 331],14), ([17, 12, 18, 31, 29, 41, 59, 331],13)
Key: 332: Value: ([17, 12, 18, 16, 31, 29, 27, 28, 41, 1, 22, 61, 332],4), ([17, 12, 18, 16, 31, 29, 27, 15, 28, 41, 1, 22, 61, 332],3), ([17, 12, 18, 16, 31, 21, 29, 27, 28, 41, 1, 22, 61, 332],3)
Key: 333: Value: ([17, 12, 18, 31, 21, 29, 28, 41, 22, 30, 23, 333],6), ([17, 12, 18, 31, 21, 29, 28, 41, 8, 22, 30, 23, 333],5), ([17, 12, 18, 31, 21, 29, 28, 41, 8, 22, 10, 30, 23, 333],4)
Key: 334: Value: ([17, 12, 18, 16, 31, 21, 29, 15, 41, 22, 23, 108, 71, 334],3)
Key: 335: Value: ([335],90909), ([17, 335],90903), ([17, 12, 335],90863)
Key: 337: Value: ([17, 12, 18, 31, 21, 29, 28, 41, 10, 30, 23, 39, 61, 9, 67, 156, 337],6), ([17, 12, 18, 16, 31, 21, 29, 28, 41, 10, 30, 23, 39, 61, 9, 67, 156, 337],5), ([17, 12, 18, 16, 31, 21, 29, 27, 28, 41, 10, 30, 23, 39, 61, 9, 67, 156, 337],4)
Key: 338: Value: ([17, 12, 18, 31, 29, 24, 8, 338],12), ([17, 12, 18, 16, 31, 29, 24, 8, 338],11), ([17, 12, 18, 16, 31, 21, 29, 24, 8, 338],10)
Key: 34: Value: ([34],26151), ([17, 34],26145), ([17, 12, 34],26067)
Key: 341: Value: ([17, 12, 18, 16, 29, 15, 28, 25, 59, 14, 159, 161, 341],8), ([17, 12, 18, 16, 31, 29, 15, 28, 25, 59, 14, 159, 161, 341],7), ([17, 12, 18, 16, 31, 29, 43, 15, 28, 25, 59, 14, 159, 161, 341],6)
Key: 342: Value: ([17, 12, 18, 31, 29, 342],17), ([17, 12, 18, 31, 21, 29, 342],16), ([17, 12, 18, 16, 31, 21, 29, 342],14)
Key: 343: Value: ([17, 12, 18, 16, 21, 29, 28, 41, 23, 47, 72, 71, 74, 73, 343],6), ([17, 12, 18, 16, 31, 21, 29, 28, 41, 23, 47, 72, 71, 74, 73, 343],5), ([17, 12, 18, 16, 31, 21, 29, 43, 28, 41, 23, 47, 72, 71, 74, 73, 343],4)
Key: 346: Value: ([346],32487), ([17, 346],32483), ([17, 12, 346],32397)
Key: 347: Value: ([17, 12, 18, 31, 21, 29, 27, 28, 41, 10, 30, 39, 108, 71, 347],5), ([17, 12, 18, 16, 31, 21, 29, 27, 28, 41, 10, 30, 39, 108, 71, 347],4), ([17, 12, 18, 16, 31, 21, 29, 27, 28, 41, 1, 10, 30, 39, 108, 71, 347],3)
Key: 349: Value: ([17, 12, 18, 31, 29, 23, 71, 349],13), ([17, 12, 18, 31, 29, 23, 108, 71, 349],12), ([17, 12, 18, 31, 29, 23, 108, 71, 74, 349],11)
Key: 35: Value: ([35],73537), ([17, 35],73530), ([17, 12, 35],73346)
Key: 351: Value: ([17, 12, 18, 16, 31, 29, 43, 24, 25, 59, 46, 351],6), ([17, 12, 18, 16, 31, 21, 29, 43, 24, 25, 59, 46, 351],5), ([17, 12, 18, 16, 31, 21, 29, 43, 24, 28, 25, 59, 46, 351],4)
Key: 353: Value: ([17, 18, 63, 353],7), ([17, 18, 31, 21, 29, 63, 353],6), ([17, 18, 31, 21, 29, 43, 63, 353],5)
Key: 358: Value: ([17, 12, 18, 16, 31, 21, 29, 1, 63, 39, 26, 68, 71, 73, 358],4), ([17, 12, 18, 16, 31, 21, 29, 43, 1, 63, 39, 26, 68, 71, 73, 358],3), ([17, 12, 18, 16, 31, 21, 29, 27, 1, 63, 39, 26, 68, 71, 73, 358],3)
Key: 359: Value: ([17, 12, 18, 16, 31, 21, 43, 27, 24, 15, 28, 41, 25, 59, 8, 1, 22, 14, 46, 26, 80, 56, 64, 102, 359],3)
Key: 36: Value: ([36],54277), ([17, 36],54271), ([17, 12, 36],54226)
Key: 360: Value: ([17, 12, 21, 29, 27, 360],12), ([17, 12, 16, 21, 29, 27, 360],11), ([17, 12, 16, 31, 21, 29, 27, 360],10)
Key: 362: Value: ([17, 12, 18, 16, 31, 21, 29, 24, 41, 1, 22, 38, 30, 5, 108, 72, 71, 362],3)
Key: 368: Value: ([17, 31, 29, 24, 15, 41, 25, 8, 46, 368],4), ([17, 31, 29, 43, 24, 15, 41, 25, 8, 46, 368],3), ([17, 31, 21, 29, 24, 15, 41, 25, 8, 46, 368],3)
Key: 369: Value: ([17, 12, 18, 16, 31, 43, 25, 369],10), ([17, 12, 18, 16, 31, 29, 43, 25, 369],9), ([17, 12, 18, 16, 31, 29, 43, 28, 25, 369],8)
Key: 37: Value: ([17, 37],3667), ([17, 12, 37],3661), ([17, 12, 18, 37],3650)
Key: 370: Value: ([17, 12, 18, 16, 31, 21, 29, 27, 28, 41, 1, 30, 23, 39, 108, 72, 370],4), ([17, 12, 18, 16, 31, 21, 29, 27, 28, 41, 8, 1, 30, 23, 39, 108, 72, 370],3), ([17, 12, 18, 16, 31, 21, 29, 27, 28, 41, 1, 22, 30, 23, 39, 108, 72, 370],3)
Key: 373: Value: ([17, 12, 18, 16, 31, 21, 29, 43, 24, 41, 59, 8, 1, 63, 38, 30, 71, 373],3)
Key: 375: Value: ([17, 12, 18, 16, 31, 21, 29, 43, 27, 15, 25, 10, 26, 375],3)
Key: 378: Value: ([17, 12, 18, 16, 31, 29, 41, 8, 22, 378],4), ([17, 12, 18, 16, 31, 29, 27, 41, 8, 22, 378],3), ([17, 12, 18, 16, 31, 29, 24, 41, 8, 22, 378],3)
Key: 38: Value: ([38],210629), ([17, 38],210613), ([17, 12, 38],210288)
Key: 384: Value: ([17, 12, 18, 16, 31, 21, 29, 27, 15, 28, 1, 30, 60, 384],4), ([17, 12, 18, 16, 31, 21, 29, 43, 27, 15, 28, 1, 30, 60, 384],3), ([17, 12, 18, 16, 31, 21, 29, 27, 24, 15, 28, 1, 30, 60, 384],3)
Key: 385: Value: ([385],31505), ([17, 385],31501), ([17, 12, 385],31427)
Key: 386: Value: ([17, 12, 18, 16, 31, 21, 29, 24, 15, 41, 59, 1, 386],4), ([17, 12, 18, 16, 31, 21, 29, 43, 24, 15, 41, 59, 1, 386],3), ([17, 12, 18, 16, 31, 21, 29, 27, 24, 15, 41, 59, 1, 386],3)
Key: 39: Value: ([39],165421), ([17, 39],165408), ([17, 12, 39],165152)
Key: 393: Value: ([17, 12, 31, 21, 29, 27, 41, 22, 10, 30, 23, 39, 61, 9, 107, 129, 156, 50, 393],10), ([17, 12, 31, 21, 29, 27, 41, 22, 10, 30, 23, 39, 60, 61, 9, 107, 67, 129, 156, 50, 393],9), ([17, 12, 18, 31, 21, 29, 27, 41, 22, 10, 30, 23, 39, 60, 61, 9, 107, 67, 129, 156, 50, 393],7)
Key: 396: Value: ([17, 12, 18, 31, 21, 29, 24, 41, 22, 10, 60, 20, 396],4), ([17, 12, 18, 31, 21, 29, 24, 15, 41, 22, 10, 60, 20, 396],3), ([17, 12, 18, 16, 31, 21, 29, 24, 41, 22, 10, 60, 20, 396],3)
Key: 399: Value: ([17, 21, 29, 25, 46, 26, 399],4), ([17, 31, 21, 29, 25, 46, 26, 399],3), ([17, 21, 29, 43, 25, 46, 26, 399],3)
Key: 4: Value: ([4],26713), ([17, 4],26711), ([17, 12, 4],26623)
Key: 40: Value: ([17, 40],7153), ([17, 12, 40],7122), ([17, 12, 18, 40],7107)
Key: 402: Value: ([402],33050), ([17, 402],33046), ([17, 12, 402],32982)
Key: 41: Value: ([41],264597), ([17, 41],264572), ([17, 12, 41],264214)
Key: 410: Value: ([17, 12, 18, 29, 27, 24, 28, 41, 8, 63, 23, 71, 213, 410],4), ([17, 12, 18, 31, 21, 29, 27, 24, 28, 41, 8, 22, 63, 23, 71, 213, 410],3), ([17, 12, 18, 29, 27, 24, 28, 41, 8, 63, 38, 23, 71, 213, 410],3)
Key: 411: Value: ([17, 12, 18, 31, 21, 29, 27, 28, 10, 30, 23, 39, 60, 61, 9, 107, 129, 156, 411],4), ([17, 12, 18, 16, 31, 21, 29, 27, 15, 28, 10, 30, 23, 39, 60, 61, 9, 107, 129, 156, 411],3), ([17, 12, 18, 31, 21, 29, 27, 28, 41, 10, 30, 23, 39, 60, 61, 9, 107, 129, 156, 411],3)
Key: 413: Value: ([17, 12, 18, 16, 31, 21, 29, 43, 24, 28, 41, 8, 38, 80, 413],3)
Key: 414: Value: ([17, 12, 18, 16, 31, 21, 29, 24, 15, 28, 41, 25, 59, 14, 38, 23, 129, 414],3)
Key: 415: Value: ([17, 12, 18, 16, 29, 24, 28, 8, 14, 10, 23, 415],7), ([17, 12, 18, 16, 31, 21, 29, 24, 28, 8, 14, 10, 23, 415],6), ([17, 12, 18, 16, 31, 21, 29, 27, 24, 28, 8, 14, 10, 23, 415],5)
Key: 416: Value: ([416],33581), ([17, 416],33580), ([17, 12, 416],33569)
Key: 42: Value: ([42],64568), ([17, 42],64566), ([17, 12, 42],64480)
Key: 43: Value: ([43],291396), ([17, 43],291366), ([17, 12, 43],290869)
Key: 437: Value: ([437],35968), ([17, 437],35965), ([17, 12, 437],35880)
Key: 438: Value: ([17, 12, 18, 16, 31, 21, 29, 27, 41, 1, 22, 10, 30, 23, 39, 60, 61, 9, 67, 438],3)
Key: 44: Value: ([44],90070), ([17, 44],90058), ([17, 12, 44],89925)
Key: 441: Value: ([441],33023), ([17, 441],33018), ([17, 12, 441],33009)
Key: 447: Value: ([17, 12, 18, 29, 27, 15, 447],4), ([17, 12, 18, 29, 43, 27, 15, 447],3), ([17, 12, 18, 29, 27, 24, 15, 447],3)
Key: 45: Value: ([45],42046), ([17, 45],42042), ([17, 12, 45],42016)
Key: 46: Value: ([46],166217), ([17, 46],166199), ([17, 12, 46],165770)
Key: 47: Value: ([47],109595), ([17, 47],109583), ([17, 12, 47],109512)
Key: 48: Value: ([48],31855), ([17, 48],31849), ([17, 12, 48],31776)
Key: 49: Value: ([49],73870), ([17, 49],73864), ([17, 12, 49],73711)
Key: 5: Value: ([5],96818), ([17, 5],96815), ([17, 12, 5],96708)
Key: 50: Value: ([17, 50],2680), ([17, 12, 50],2671), ([17, 12, 18, 50],2665)
Key: 51: Value: ([51],39059), ([17, 51],39057), ([17, 12, 51],38985)
Key: 52: Value: ([52],31678), ([17, 52],31676), ([17, 12, 52],31638)
Key: 53: Value: ([53],143352), ([17, 53],143346), ([17, 12, 53],143183)
Key: 54: Value: ([54],3144), ([17, 54],3143), ([17, 12, 54],3137)
Key: 55: Value: ([55],41879), ([17, 55],41877), ([17, 12, 55],41825)
Key: 56: Value: ([56],125741), ([17, 56],125735), ([17, 12, 56],125592)
Key: 57: Value: ([17, 57],23084), ([17, 12, 57],23062), ([17, 12, 18, 57],23031)
Key: 58: Value: ([58],32655), ([17, 58],32653), ([17, 12, 58],32616)
Key: 59: Value: ([59],246294), ([17, 59],246273), ([17, 12, 59],246207)
Key: 6: Value: ([6],9367), ([17, 6],9366), ([17, 12, 6],9350)
Key: 60: Value: ([60],159138), ([17, 60],159128), ([17, 12, 60],158919)
Key: 61: Value: ([61],86361), ([17, 61],86353), ([17, 12, 61],86250)
Key: 62: Value: ([62],72619), ([17, 62],72613), ([17, 12, 62],72508)
Key: 63: Value: ([63],220658), ([17, 63],220632), ([17, 12, 63],220268)
Key: 64: Value: ([64],95673), ([17, 64],95662), ([17, 12, 64],95490)
Key: 65: Value: ([65],25280), ([17, 65],25277), ([17, 12, 65],25262)
Key: 66: Value: ([66],35128), ([17, 66],35126), ([17, 12, 66],35037)
Key: 67: Value: ([17, 67],22913), ([17, 12, 67],22885), ([17, 12, 18, 67],22842)
Key: 68: Value: ([68],90692), ([17, 68],90683), ([17, 12, 68],90481)
Key: 69: Value: ([69],36089), ([17, 69],36086), ([17, 12, 69],36044)
Key: 7: Value: ([7],70211), ([17, 7],70200), ([17, 12, 7],70007)
Key: 70: Value: ([70],28148), ([17, 70],28145), ([17, 12, 70],28094)
Key: 71: Value: ([71],33556), ([17, 71],33553), ([17, 12, 71],33504)
Key: 72: Value: ([72],57732), ([17, 72],57728), ([17, 12, 72],57650)
Key: 73: Value: ([17, 73],12993), ([17, 12, 73],12968), ([17, 12, 18, 73],12903)
Key: 74: Value: ([74],22078), ([17, 74],22076), ([17, 12, 74],22054)
Key: 75: Value: ([75],30620), ([17, 75],30618), ([17, 12, 75],30571)
Key: 76: Value: ([76],4593), ([17, 76],4592), ([17, 12, 76],4588)
Key: 77: Value: ([77],54866), ([17, 77],54844), ([17, 12, 77],54522)
Key: 78: Value: ([17, 78],418), ([17, 18, 78],417), ([17, 12, 18, 78],415)
Key: 79: Value: ([17, 79],7165), ([17, 18, 79],6908), ([17, 12, 18, 79],6894)
Key: 8: Value: ([8],239061), ([17, 8],239041), ([17, 12, 8],238637)
Key: 80: Value: ([80],142635), ([17, 80],142625), ([17, 12, 80],142400)
Key: 81: Value: ([17, 81],26132), ([17, 12, 81],26100), ([17, 12, 18, 81],26085)
Key: 82: Value: ([82],84295), ([17, 82],84284), ([17, 12, 82],84258)
Key: 83: Value: ([83],21549), ([17, 83],21548), ([17, 12, 83],21518)
Key: 84: Value: ([80, 84],75910), ([17, 80, 84],75904), ([17, 12, 80, 84],75842)
Key: 85: Value: ([17, 85],7955), ([17, 12, 85],7944), ([17, 12, 18, 85],7939)
Key: 86: Value: ([1, 86],50864), ([17, 1, 86],50861), ([17, 12, 1, 86],50839)
Key: 87: Value: ([17, 87],4418), ([17, 12, 87],4410), ([17, 12, 18, 87],4403)
Key: 88: Value: ([88],36749), ([17, 88],36740), ([17, 12, 88],36695)
Key: 89: Value: ([89],12496), ([17, 89],12494), ([17, 12, 89],12469)
Key: 9: Value: ([9],72982), ([17, 9],72977), ([17, 12, 9],72872)
Key: 90: Value: ([90],9258), ([17, 90],9257), ([17, 18, 90],9231)
Key: 91: Value: ([17, 91],7698), ([17, 18, 91],7667), ([17, 12, 18, 91],7641)
Key: 92: Value: ([92],7351), ([17, 92],7349), ([17, 12, 92],7337)
Key: 93: Value: ([93],1291), ([17, 93],1290), ([17, 18, 93],1285)
Key: 94: Value: ([94],26536), ([17, 94],26534), ([17, 12, 94],26475)
Key: 95: Value: ([95],62915), ([17, 95],62914), ([17, 12, 95],62838)
Key: 96: Value: ([96],23750), ([17, 96],23748), ([17, 12, 96],23717)
Key: 97: Value: ([17, 97],8053), ([17, 12, 97],8045), ([17, 12, 18, 97],8028)
Key: 98: Value: ([98],58036), ([17, 98],58035), ([17, 12, 98],57995)
Key: 99: Value: ([99],20755), ([17, 99],20751), ([17, 12, 99],20723)
Count: 359
